12
34
4
30
45
3
76
88
42
80
58
88
5
42
30
20
29
97
98
86
49
47
53
44
44
46
18
74
61
28
34
14
61
89
9
45
40
88
81
59
92
68
25
50
42
9
42
6
74
18
97
81
75
77
42
28
94
31
21
22
94
86
36
72
64
43
85
83
2
49
98
91
83
46
43
85
18
84
61
4
94
71
18
68
20
84
81
39
96
82
28
35
75
37
76
68
10
19
7
45
90
89
36
65
98
16
33
82
90
92
17
55
94
43
38
96
79
96
6
67
98
49
25
29
42
76
4
57
73
23
59
5
99
51
81
30
32
14
46
99
60
7
63
91
41
85
54
14
43
49
18
58
41
1
21
8
87
37
92
25
25
28
100
53
17
64
59
59
73
78
21
46
16
83
51
85
90
69
73
62
36
70
27
42
23
100
78
44
38
71
65
5
68
96
22
4
59
8
27
11
59
14
72
19
86
63
11
2
32
82
97
9
71
25
14
5
98
19
29
72
24
87
37
52
10
51
16
13
80
29
41
83
17
66
62
11
17
49
39
85
29
55
12
38
93
94
8
89
37
59
32
20
80
76
85
54
97
85
87
18
38
75
81
98
10
36
65
80
68
34
92
44
84
64
84
66
49
47
30
34
26
49
58
42
100
87
91
13
91
60
21
54
8
15
77
57
15
81
90
34
100
38
21
54
87
21
42
45
36
14
5
45
29
20
58
69
4
37
97
57
77
13
26
9
10
92
97
14
62
78
65
25
64
98
97
33
5
32
32
88
50
40
11
60
51
91
15
54
62
67
12
18
94
86
48
82
66
38
59
75
45
26
7
69
44
62
21
99
14
35
55
94
74
16
52
89
52
29
58
46
96
58
12
82
40
87
63
35
21
95
29
49
35
17
91
15
67
31
49
25
75
82
6
77
77
74
49
32
16
87
12
85
58
13
31
99
26
73
87
68
13
27
85
42
82
83
22
42
79
18
50
34
42
12
79
29
31
58
12
46
52
29
10
30
65
19
94
58
26
45
73
100
56
42
93
2
87
68
64
18
39
84
71
12
69
52
12
5
16
12
98
99
92
30
49
14
65
92
39
57
5
24
84
46
21
56
85
95
17
79
63
43
20
10
88
99
23
51
19
48
43
88
5
18
64
22
4
41
73
82
47
19
76
85
43
1
71
99
92
69
40
21
18
40
43
66
69
87
84
14
21
35
66
24
90
92
20
19
11
39
60
80
43
72
91
51
29
17
85
55
80
73
42
88
40
7
25
62
72
89
11
71
99
80
7
50
43
25
62
71
84
35
86
52
23
33
96
33
57
50
51
34
83
33
20
8
53
24
26
12
84
36
8
34
99
19
60
92
98
96
78
31
84
87
60
48
59
13
66
69
43
31
1
95
34
73
9
66
30
89
99
25
71
62
94
35
18
42
76
40
31
53
44
5
23
32
41
78
40
70
50
85
63
74
69
11
67
19
35
79
40
100
20
78
12
94
71
49
86
8
90
44
100
60
69
82
86
75
73
98
68
14
63
66
15
88
7
99
81
54
37
60
51
84
11
43
99
47
35
38
85
87
16
72
6
21
1
54
33
35
1
59
28
94
42
24
57
51
50
60
46
25
96
70
75
18
30
44
8
73
59
41
12
16
47
3
33
10
68
78
38
59
22
3
34
53
68
11
11
69
16
72
26
50
76
32
44
17
30
94
94
16
27
39
85
6
16
30
26
82
47
70
38
90
24
5
34
62
19
79
71
24
48
48
50
39
21
76
84
70
86
12
75
71
43
40
30
43
57
91
67
83
41
46
23
31
55
99
41
13
84
48
3
12
52
93
20
1
32
57
48
17
6
34
88
13
4
18
84
57
62
70
29
75
71
25
7
57
100
22
90
64
60
46
92
60
8
2
89
13
31
18
14
75
41
88
84
53
55
84
53
75
80
67
59
71
26
54
29
82
5
80
79
84
21
47
32
51
70
32
29
34
57
42
68
20
65
69
45
92
62
17
97
92
77
20
58
68
4
91
37
88
6
59
48
46
38
42
97
29
3
81
40
69
52
63
83
46
90
62
46
35
94
3
84
64
9
88
60
60
7
18
55
80
53
53
71
29
62
75
84
52
16
3
18
29
18
6
59
79
80
46
2
61
67
71
51
27
95
41
63
63
19
37
27
76
5
74
41
42
30
2
1
60
18
100
9
64
13
95
92
91
9
56
12
64
82
68
36
27
51
57
98
23
19
60
12
1
33
43
43
85
76
5
60
63
21
46
49
11
